gcc -O3 -mavx512f  -fopenmp -Wextra -I./include -c dgemm/dgemm.c -o dgemm/dgemm.o
gcc -O3 -mavx512f  -fopenmp -Wextra -I./include -c kernel/kernel.c -o kernel/kernel.o
gcc -O3 -mavx512f  -fopenmp -Wextra -I./include -c main.c -o main.o
gcc -O3 -mavx512f  -fopenmp -Wextra -I./include -o dgemm_run dgemm/dgemm.o kernel/kernel.o main.o -lopenblas -lm
Running program...
Using 1 OpenBLAS threads
Matrix B:
  0.00   1.00   2.00   3.00   4.00   5.00   6.00   7.00 
 10.00  11.00  12.00  13.00  14.00  15.00  16.00  17.00 
 20.00  21.00  22.00  23.00  24.00  25.00  26.00  27.00 
 30.00  31.00  32.00  33.00  34.00  35.00  36.00  37.00 
 40.00  41.00  42.00  43.00  44.00  45.00  46.00  47.00 
 50.00  51.00  52.00  53.00  54.00  55.00  56.00  57.00 
 60.00  61.00  62.00  63.00  64.00  65.00  66.00  67.00 
 70.00  71.00  72.00  73.00  74.00  75.00  76.00  77.00 

 ** On entry to DGEMM  parameter number 13 had an illegal value
Matrix C:
1400.00 1428.00 1456.00 1484.00 1512.00 1540.00 1568.00 1596.00 
4200.00 4308.00 4416.00 4524.00 4632.00 4740.00 4848.00 4956.00 
7000.00 7188.00 7376.00 7564.00 7752.00 7940.00 8128.00 8316.00 
9800.00 10068.00 10336.00 10604.00 10872.00 11140.00 11408.00 11676.00 
12600.00 12948.00 13296.00 13644.00 13992.00 14340.00 14688.00 15036.00 
15400.00 15828.00 16256.00 16684.00 17112.00 17540.00 17968.00 18396.00 
18200.00 18708.00 19216.00 19724.00 20232.00 20740.00 21248.00 21756.00 
21000.00 21588.00 22176.00 22764.00 23352.00 23940.00 24528.00 25116.00 
23800.00 24468.00 25136.00 25804.00 26472.00 27140.00 27808.00 28476.00 
26600.00 27348.00 28096.00 28844.00 29592.00 30340.00 31088.00 31836.00 
29400.00 30228.00 31056.00 31884.00 32712.00 33540.00 34368.00 35196.00 
32200.00 33108.00 34016.00 34924.00 35832.00 36740.00 37648.00 38556.00 
35000.00 35988.00 36976.00 37964.00 38952.00 39940.00 40928.00 41916.00 
37800.00 38868.00 39936.00 41004.00 42072.00 43140.00 44208.00 45276.00 
40600.00 41748.00 42896.00 44044.00 45192.00 46340.00 47488.00 48636.00 
43400.00 44628.00 45856.00 47084.00 48312.00 49540.00 50768.00 51996.00 

Matrix C_ref:
  0.00   0.00   0.00   0.00   0.00   0.00   0.00   0.00 
  0.00   0.00   0.00   0.00   0.00   0.00   0.00   0.00 
  0.00   0.00   0.00   0.00   0.00   0.00   0.00   0.00 
  0.00   0.00   0.00   0.00   0.00   0.00   0.00   0.00 
  0.00   0.00   0.00   0.00   0.00   0.00   0.00   0.00 
  0.00   0.00   0.00   0.00   0.00   0.00   0.00   0.00 
  0.00   0.00   0.00   0.00   0.00   0.00   0.00   0.00 
  0.00   0.00   0.00   0.00   0.00   0.00   0.00   0.00 
  0.00   0.00   0.00   0.00   0.00   0.00   0.00   0.00 
  0.00   0.00   0.00   0.00   0.00   0.00   0.00   0.00 
  0.00   0.00   0.00   0.00   0.00   0.00   0.00   0.00 
  0.00   0.00   0.00   0.00   0.00   0.00   0.00   0.00 
  0.00   0.00   0.00   0.00   0.00   0.00   0.00   0.00 
  0.00   0.00   0.00   0.00   0.00   0.00   0.00   0.00 
  0.00   0.00   0.00   0.00   0.00   0.00   0.00   0.00 
  0.00   0.00   0.00   0.00   0.00   0.00   0.00   0.00 
Matrix size: 16 x 8 x 8
---------------------------------
OpenBLAS time: 0.0000 sec, GFLOPS: 0.22
Your time:    0.0000 sec, GFLOPS: 0.08
Max error: 5.199600e+04
